# Create lists for the d4, d6, and d8 dice
d4 <- 1:4
d6 <- 1:6
d8 <- 1:8

